trade£º
20070621\\IBM_trades
1182398400
22305
34243000,69100,105.77
34243000,200,105.78
34243000,300,105.75
34243000,400,105.75
34243000,300,105.75
34243000,100,105.75
34243000,100,105.75
34243000,300,105.75
34243000,100,105.75
34244000,200,105.77
34244000,400,105.77
34244000,200,105.77
34244000,300,105.77
34244000,200,105.77
34244000,1400,105.77
34244000,900,105.77
34244000,500,105.77
34244000,600,105.77
34244000,100,105.77
34244000,1700,105.77

57580000,300,106.59
57580000,200,106.6
57580000,500,106.6
57584000,100,106.6
57584000,100,106.6
57586000,500,106.6
57586000,300,106.6
57586000,200,106.6
57586000,200,106.6
57586000,100,106.6
57586000,100,106.6
57587000,100,106.61
57588000,400,106.61
57591000,100,106.61
57595000,800,106.6
57595000,4200,106.61
57596000,200,106.6
57596000,500,106.61
57596000,200,106.61
57597000,200,106.6


20070621\\MSFT_trades
1182398400
81279
34201000,436,29.975
34201000,454,29.975
34201000,954,29.94
34201000,100,29.94
34202000,318145,29.95
34202000,100,29.95
34202000,235,29.95
34202000,450,29.95
34202000,650,29.95
34202000,800,29.95
34202000,420,29.95
34202000,130,29.95
34202000,910,29.95
34202000,510,29.95
34202000,400,29.95
34202000,440,29.95
34202000,150,29.95
34202000,160,29.95
34202000,2162,29.95
34202000,170,29.95

57598000,432,30.24
57598000,100,30.23
57598000,100,30.23
57598000,500,30.22
57598000,400,30.22
57598000,8407,30.22
57598000,4300,30.22
57598000,100,30.24
57598000,393,30.23
57598000,300,30.23
57599000,9493,30.22
57599000,400,30.22
57599000,2207,30.22
57599000,9593,30.22
57599000,100,30.22
57599000,2307,30.22
57599000,2093,30.22
57599000,9907,30.22
57599000,12100,30.22
57599000,12000,30.22


quote£º
20070620\\IBM_quotes
1182312000
68489
57596000,48,106.0,39,106.03
57596000,48,106.0,48,106.03
57596000,43,106.0,48,106.03
57596000,43,106.0,54,106.03
57597000,39,106.0,54,106.03
57597000,35,106.0,54,106.03
57598000,35,106.0,63,106.03
57598000,35,106.0,54,106.03
57598000,35,106.0,40,106.03
57598000,27,106.0,40,106.03
57598000,24,106.0,40,106.03
57599000,22,106.0,40,106.03
57599000,21,106.0,40,106.03
57599000,21,106.0,58,106.03
57599000,21,106.0,67,106.03
57599000,21,106.0,52,106.03
57599000,21,106.0,43,106.03
57599000,21,106.0,20,106.03
57599000,21,106.0,16,106.03
57599000,20,106.0,16,106.03


20070621\\IBM_quotes
1182398400
77665
34243000,20,105.75,14,105.78
34243000,20,105.75,12,105.78
34243000,17,105.75,12,105.76
34243000,13,105.75,12,105.76
34243000,10,105.75,12,105.76
34243000,9,105.75,12,105.76
34243000,8,105.75,12,105.76
34243000,5,105.75,12,105.76
34243000,4,105.75,12,105.76
34243000,6,105.75,12,105.76
34244000,6,105.75,14,105.76
34244000,6,105.75,15,105.76
34244000,6,105.75,26,105.76
34245000,1,105.75,26,105.76
34245000,4,105.72,26,105.76
34245000,1,105.75,26,105.76
34245000,1,105.75,30,105.76
34245000,3,105.73,9,105.74
34245000,3,105.73,12,105.74
34245000,1,105.74,12,105.74

57585000,30,106.59,9,106.6
57585000,30,106.59,6,106.6
57586000,30,106.59,4,106.6
57586000,30,106.59,2,106.6
57586000,30,106.59,1,106.6
57586000,30,106.59,43,106.61
57587000,35,106.59,43,106.61
57587000,54,106.59,43,106.61
57587000,54,106.59,38,106.61
57587000,49,106.59,38,106.61
57587000,49,106.59,39,106.61
57589000,58,106.6,39,106.61
57590000,58,106.6,38,106.61
57591000,58,106.6,57,106.61
57592000,58,106.6,58,106.61
57594000,50,106.6,58,106.61
57595000,50,106.6,32,106.61
57595000,48,106.6,32,106.61
57597000,48,106.6,38,106.61
57597000,48,106.6,43,106.61


20070621\\MSFT_quotes
1182398400
155074
34200000,23,29.95,6,30.0
34200000,3,29.95,6,30.0
34200000,1,29.95,6,30.0
34200000,50,29.94,6,30.0
34200000,50,29.94,7,30.0
34200000,1,29.95,7,30.0
34200000,1,29.95,8,30.0
34201000,50,29.94,8,30.0
34201000,1,29.95,8,30.0
34201000,50,29.94,8,30.0
34201000,1,29.95,8,30.0
34201000,1,29.95,1,29.99
34201000,50,29.94,1,29.99
34201000,1,29.95,1,29.99
34201000,1,29.95,6,29.97
34201000,1,29.95,1,29.99
34201000,1,29.95,6,29.97
34201000,1,29.95,1,29.99
34201000,1,29.95,3,29.97
34201000,1,29.95,1,29.99

57598000,930,30.22,101,30.24
57598000,930,30.22,1,30.23
57598000,929,30.22,1,30.23
57598000,886,30.22,1,30.23
57599000,886,30.22,107,30.24
57599000,887,30.22,107,30.24
57599000,766,30.22,107,30.24
57599000,766,30.22,157,30.24
57599000,766,30.22,1,30.23
57599000,765,30.22,1,30.23
57599000,765,30.22,48,30.23
57599000,645,30.22,48,30.23
57599000,645,30.22,52,30.23
57599000,525,30.22,52,30.23
57599000,525,30.22,47,30.23
57599000,404,30.22,47,30.23
57599000,404,30.22,5,30.23
57599000,404,30.22,1,30.23
57599000,284,30.22,1,30.23
57599000,413,30.22,1,30.23
